[[0.273, 0.031, 0.312, 0.017, 0, 0.065, 0, 0.083, 0, 0, 0, 0, 0.024, 0.015, 0, 0.023, 0, 0.015, 0, 0.142],
[0.121, 0.225, 0.224, 0.063, 0, 0, 0, 0, 0, 0, 0, 0, 0, 0, 0, 0.037, 0, 0, 0.191, 0.139],
[0.044, 0.025, 0.68, 0.018, 0.002, 0.008, 0, 0.027, 0.008, 0, 0.005, 0, 0.014, 0.001, 0, 0.02, 0, 0.008, 0, 0.14],
[0.018, 0.023, 0.092, 0.535, 0, 0, 0, 0.015, 0, 0, 0.009, 0.006, 0.051, 0, 0, 0.061, 0, 0.048, 0, 0.142],
[0, 0, 0.699, 0, 0.161, 0, 0, 0, 0, 0, 0, 0, 0, 0, 0, 0, 0, 0, 0, 0.14],
[0, 0.168, 0.3, 0, 0, 0, 0, 0.392, 0, 0, 0, 0, 0, 0, 0, 0, 0, 0, 0, 0.14],
[0, 0, 0, 0, 0, 0.003, 0.373, 0, 0, 0.012, 0.036, 0.036, 0.085, 0, 0, 0.078, 0.035, 0.202, 0, 0.14],
[0.149, 0, 0.13, 0.004, 0, 0.043, 0, 0.4, 0.028, 0, 0.026, 0, 0.029, 0.027, 0, 0.023, 0, 0, 0, 0.141],
[0, 0, 0, 0, 0, 0, 0, 0.063, 0.567, 0, 0, 0, 0, 0, 0, 0.23, 0, 0, 0, 0.14],
[0, 0, 0, 0, 0, 0, 0.206, 0, 0, 0, 0.116, 0, 0.219, 0, 0, 0, 0, 0.318, 0, 0.141],
[0, 0, 0.019, 0, 0, 0, 0.017, 0, 0, 0.022, 0.593, 0, 0.033, 0, 0, 0.041, 0, 0.082, 0.052, 0.141],
[0, 0, 0, 0, 0, 0, 0.169, 0, 0, 0, 0, 0.066, 0.179, 0, 0, 0.126, 0, 0.32, 0, 0.14],
[0.008, 0, 0.033, 0.04, 0, 0, 0.055, 0, 0, 0.011, 0.012, 0.007, 0.409, 0, 0.004, 0.062, 0.005, 0.214, 0, 0.14],
[0.137, 0, 0.192, 0, 0, 0, 0, 0, 0, 0, 0, 0, 0.052, 0.082, 0, 0.062, 0, 0, 0.335, 0.14],
[0, 0, 0, 0, 0, 0, 0.424, 0, 0, 0, 0, 0, 0, 0, 0, 0, 0, 0.436, 0, 0.14],
[0.009, 0.004, 0.07, 0.017, 0, 0, 0, 0.023, 0, 0, 0.039, 0, 0.083, 0, 0, 0.546, 0, 0.066, 0, 0.143],
[0, 0, 0, 0, 0, 0, 0.344, 0, 0, 0.024, 0, 0.023, 0.164, 0, 0, 0.073, 0.046, 0.186, 0, 0.14],
[0, 0, 0.013, 0.009, 0, 0.004, 0.083, 0, 0, 0.003, 0.007, 0.011, 0.096, 0, 0, 0.035, 0.016, 0.577, 0.007, 0.139],
[0, 0.176, 0, 0.081, 0, 0, 0.131, 0, 0, 0, 0.098, 0, 0.064, 0.308, 0, 0, 0, 0, 0, 0.142],
[0, 0, 0, 0, 0, 0, 0, 0, 0, 0, 0, 0, 0, 0, 0, 0, 0, 0, 0, 1]]

[[0, 0, 0, 0, 0, 0, 0, 0, 0, 0, 0, 0, 0, 0, 0, 0, 0, 0, 0, 0],
[0, 0, 0, 0, 0, 0, 0, 0, 0, 0, 0, 0, 0, 0, 0, 0, 0, 0, 0, 0],
[0, 0, 0, 0, 0, 0, 0, 0, 0, 0, 0, 0, 0, 0, 0, 0, 0, 0, 0, 0],
[0, 0, 0, 0, 0, 0, 0, 0, 0, 0, 0, 0, 0, 0, 0, 0, 0, 0, 0, 0],
[0, 0, 0, 0, 0, 0, 0, 0, 0, 0, 0, 0, 0, 0, 0, 0, 0, 0, 0, 0],
[0, 0, 0, 0, 0, 0, 0, 0, 0, 0, 0, 0, 0, 0, 0, 0, 0, 0, 0, 0],
[0, 0, 0, 0, 0, 0, 0, 0, 0, 0, 0, 0, 0, 0, 0, 0, 0, 0, 0, 0],
[0, 0, 0, 0, 0, 0, 0, 0, 0, 0, 0, 0, 0, 0, 0, 0, 0, 0, 0, 0],
[0, 0, 0, 0, 0, 0, 0, 0, 0, 0, 0, 0, 0, 0, 0, 0, 0, 0, 0, 0],
[0, 0, 0, 0, 0, 0, 0, 0, 0, 0, 0, 0, 0, 0, 0, 0, 0, 0, 0, 0],
[0, 0, 0, 0, 0, 0, 0, 0, 0, 0, 0, 0, 0, 0, 0, 0, 0, 0, 0, 0],
[0, 0, 0, 0, 0, 0, 0, 0, 0, 0, 0, 0, 0, 0, 0, 0, 0, 0, 0, 0],
[0, 0, 0, 0, 0, 0, 0, 0, 0, 0, 0, 0, 0, 0, 0, 0, 0, 0, 0, 0],
[0, 0, 0, 0, 0, 0, 0, 0, 0, 0, 0, 0, 0, 0, 0, 0, 0, 0, 0, 0],
[0, 0, 0, 0, 0, 0, 0, 0, 0, 0, 0, 0, 0, 0, 0, 0, 0, 0, 0, 0],
[0, 0, 0, 0, 0, 0, 0, 0, 0, 0, 0, 0, 0, 0, 0, 0, 0, 0, 0, 0],
[0, 0, 0, 0, 0, 0, 0, 0, 0, 0, 0, 0, 0, 0, 0, 0, 0, 0, 0, 0],
[0, 0, 0, 0, 0, 0, 0, 0, 0, 0, 0, 0, 0, 0, 0, 0, 0, 0, 0, 0],
[0, 0, 0, 0, 0, 0, 0, 0, 0, 0, 0, 0, 0, 0, 0, 0, 0, 0, 0, 0],
[0, 0, 0, 0, 0, 0, 0, 0, 0, 0, 0, 0, 0, 0, 0, 0, 0, 0, 0, 1]]

[[0.044, 0.005, 0.05, 0.002, 0, 0.01, 0, 0.014, 0, 0, 0, 0, 0.003, 0.002, 0, 0.004, 0, 0.002, 0, 0],
[0.019, 0, 0.036, 0.01, 0, 0, 0, 0, 0, 0, 0, 0, 0, 0, 0, 0.006, 0, 0, 0.031, 0],
[0.007, 0.004, 0, 0.003, 0, 0.001, 0, 0.004, 0.002, 0, 0.001, 0, 0.002, 0, 0, 0.003, 0, 0.002, 0, 0],
[0.003, 0.003, 0.015, 0, 0, 0, 0, 0.002, 0, 0, 0.001, 0.001, 0.009, 0, 0, 0.009, 0, 0.007, 0, 0],
[0, 0, 0.112, 0, 0, 0, 0, 0, 0, 0, 0, 0, 0, 0, 0, 0, 0, 0, 0, 0],
[0, 0.027, 0.048, 0, 0, 0, 0, 0.063, 0, 0, 0, 0, 0, 0, 0, 0, 0, 0, 0, 0],
[0, 0, 0, 0, 0, 0, 0, 0, 0, 0, 0, 0, 0, 0, 0, 0, 0, 0, 0, 0],
[0.024, 0, 0.021, 0, 0, 0.007, 0, 0, 0.005, 0, 0.004, 0, 0.004, 0.004, 0, 0.004, 0, 0, 0, 0],
[0, 0, 0, 0, 0, 0, 0, 0.01, 0, 0, 0, 0, 0, 0, 0, 0.037, 0, 0, 0, 0],
[0, 0, 0, 0, 0, 0, 0, 0, 0, 0, 0, 0, 0, 0, 0, 0, 0, 0, 0, 0],
[0, 0, 0, 0, 0, 0, 0, 0, 0, 0, 0, 0, 0, 0, 0, 0, 0, 0, 0, 0],
[0, 0, 0, 0, 0, 0, 0, 0, 0, 0, 0, 0, 0, 0, 0, 0, 0, 0, 0, 0],
[0, 0, 0, 0, 0, 0, 0, 0, 0, 0, 0, 0, 0, 0, 0, 0, 0, 0, 0, 0],
[0.022, 0, 0.031, 0, 0, 0, 0, 0, 0, 0, 0, 0, 0.008, 0, 0, 0.01, 0, 0, 0.054, 0],
[0, 0, 0, 0, 0, 0, 0, 0, 0, 0, 0, 0, 0, 0, 0, 0, 0, 0, 0, 0],
[0, 0, 0, 0, 0, 0, 0, 0, 0, 0, 0, 0, 0, 0, 0, 0, 0, 0, 0, 0],
[0, 0, 0, 0, 0, 0, 0, 0, 0, 0, 0, 0, 0, 0, 0, 0, 0, 0, 0, 0],
[0, 0, 0, 0, 0, 0, 0, 0, 0, 0, 0, 0, 0, 0, 0, 0, 0, 0, 0, 0],
[0, 0.028, 0, 0.013, 0, 0, 0.021, 0, 0, 0, 0.015, 0, 0.01, 0.049, 0, 0, 0, 0, 0, 0],
[0, 0, 0, 0, 0, 0, 0, 0, 0, 0, 0, 0, 0, 0, 0, 0, 0, 0, 0, 0]]

[[-0.044, 0, 0, 0, 0, 0, 0, 0, 0, 0, 0, 0, 0, 0, 0, 0, 0, 0, 0, 0],
[0, -0.036, 0, 0, 0, 0, 0, 0, 0, 0, 0, 0, 0, 0, 0, 0, 0, 0, 0, 0],
[0, 0, -0.109, 0, 0, 0, 0, 0, 0, 0, 0, 0, 0, 0, 0, 0, 0, 0, 0, 0],
[0, 0, 0, -0.085, 0, 0, 0, 0, 0, 0, 0, 0, 0, 0, 0, 0, 0, 0, 0, 0],
[0, 0, 0, 0, -0.026, 0, 0, 0, 0, 0, 0, 0, 0, 0, 0, 0, 0, 0, 0, 0],
[0, 0, 0, 0, 0, 0, 0, 0, 0, 0, 0, 0, 0, 0, 0, 0, 0, 0, 0, 0],
[0, 0, 0, 0, 0, 0, 0, 0, 0, 0, 0, 0, 0, 0, 0, 0, 0, 0, 0, 0],
[0, 0, 0, 0, 0, 0, 0, -0.064, 0, 0, 0, 0, 0, 0, 0, 0, 0, 0, 0, 0],
[0, 0, 0, 0, 0, 0, 0, 0, -0.091, 0, 0, 0, 0, 0, 0, 0, 0, 0, 0, 0],
[0, 0, 0, 0, 0, 0, 0, 0, 0, 0, 0, 0, 0, 0, 0, 0, 0, 0, 0, 0],
[0, 0, 0, 0, 0, 0, 0, 0, 0, 0, 0, 0, 0, 0, 0, 0, 0, 0, 0, 0],
[0, 0, 0, 0, 0, 0, 0, 0, 0, 0, 0, 0, 0, 0, 0, 0, 0, 0, 0, 0],
[0, 0, 0, 0, 0, 0, 0, 0, 0, 0, 0, 0, 0, 0, 0, 0, 0, 0, 0, 0],
[0, 0, 0, 0, 0, 0, 0, 0, 0, 0, 0, 0, 0, -0.013, 0, 0, 0, 0, 0, 0],
[0, 0, 0, 0, 0, 0, 0, 0, 0, 0, 0, 0, 0, 0, 0, 0, 0, 0, 0, 0],
[0, 0, 0, 0, 0, 0, 0, 0, 0, 0, 0, 0, 0, 0, 0, 0, 0, 0, 0, 0],
[0, 0, 0, 0, 0, 0, 0, 0, 0, 0, 0, 0, 0, 0, 0, 0, 0, 0, 0, 0],
[0, 0, 0, 0, 0, 0, 0, 0, 0, 0, 0, 0, 0, 0, 0, 0, 0, 0, 0, 0],
[0, 0, 0, 0, 0, 0, 0, 0, 0, 0, 0, 0, 0, 0, 0, 0, 0, 0, 0, 0],
[0, 0, 0, 0, 0, 0, 0, 0, 0, 0, 0, 0, 0, 0, 0, 0, 0, 0, 0, 0]]

[150, 61, 764, 168, 27, 71, 53, 108, 77, 7, 34, 13, 111, 31, 1, 119, 55, 136, 165]

5

4

----------------------------------------------------------------------------------------------------------------------
 PARAMETERS 
----------------------------------------------------------------------------------------------------------------------
Q 	 	//Transition probability matrix
a 		//Matrix of impacts alpha_{ij}*q_{ij} if node j is attacked
b 		//Matrix of impacts beta_{ij}*q_{ij} if node i is attacked
o 		//Matrix of combined impacts omega_{ij}*q_{ij} if node i and j are attacked
n	 	//Number of individuals on each patch - vector n
b	 	//Maximum number of nodes to be attacked (right hand side in the budget constraint in the interdictor's problem)
u		//Maximum number of nodes to be protected (right hand side in the budget constraint in the defender's problem)
----------------------------------------------------------------------------------------------------------------------
